{
   "backHubX": 340,
   "bottomBracketDrop": 80,
   "bottomBracketHeight": 256,
   "bottomBracketToFrontHub": 605.5442939591131,
   "bottomBracketX": 761.47479,
   "bottomBracketY": 260,
   "chainStayLength": 428.99999837476,
   "crankLength": 170,
   "forkLength": 394.87079,
   "forkRake": 48.00000668828359,
   "frontHubX": 1361.71132,
   "handlebarAndHoodsReach": 110.0000030493332,
   "handlebarBackX": 1228.76551,
   "handlebarDiameter": 31.8,
   "handlebarTopY": 899.20975,
   "headTubeAngle": 71.50000051161854,
   "headTubeBottomCenterX": 1190.89744,
   "headTubeBottomCenterY": 699.23469,
   "headTubeLength": 139.99999775863785,
   "headTubeTopCenterX": 1146.47479,
   "headTubeTopCenterY": 832,
   "headTubeTopToTopTubeCenter": 30,
   "headsetBottomStack": 0.000003371674040408834,
   "headsetSpacersStack": 0.00000855859165938,
   "headsetTopStack": 9,
   "hoodsRestTopX": 1354.24693,
   "hoodsRestTopY": 908.79688,
   "hubY": 340,
   "name": "Montebello Small",
   "offsetX": 0,
   "offsetY": 4,
   "reach": 385,
   "saddleAngle": 0,
   "saddleBackX": 439.63081,
   "saddleFrontToCenter": 150,
   "saddleLength": 240,
   "saddleStack": 40,
   "saddleTopToBottomBracket": 695.4889841443487,
   "saddleTopY": 915.70824,
   "seatTubeAngle": 74.50000041731981,
   "seatTubeCenterToTop": 489.99999685980237,
   "seatTubeTopCenterX": 630.52799,
   "seatTubeTopCenterY": 732.17892,
   "seatTubeTopToTopTubeCenter": 30,
   "seatpostSetback": 20,
   "stack": 572,
   "stemAngle": 6,
   "stemLength": 109.9999964253355,
   "stemStack": 40,
   "stemToHoodsAngle": -4.999998971005971,
   "topTubeCenterToCenter": 527.076260064466,
   "topTubeHorizontal": 543.6296347155861,
   "trail": 61.80838632641098,
   "wheelBase": 1021.7113199999999,
   "wheelRadius": 340
}
