{
   "backHubX": 340,
   "bottomBracketDrop": 80,
   "bottomBracketHeight": 256,
   "bottomBracketToFrontHub": 605.5442939591131,
   "bottomBracketX": 761.47479,
   "bottomBracketY": 260,
   "chainStayLength": 428.99999837476,
   "crankLength": 170,
   "forkLength": 394.87079,
   "forkRake": 48.00000668828359,
   "frontHubX": 1361.71132,
   "handlebarAndHoodsReach": 115.9999934786813,
   "handlebarBackX": 1206.7011576282332,
   "handlebarDiameter": 31.8,
   "handlebarTopY": 902.4675434420577,
   "headTubeAngle": 71.50000051161854,
   "headTubeBottomCenterX": 1190.89744,
   "headTubeBottomCenterY": 699.23469,
   "headTubeLength": 139.99999775863785,
   "headTubeTopCenterX": 1146.47479,
   "headTubeTopCenterY": 832,
   "headTubeTopToTopTubeCenter": 30,
   "headsetBottomStack": 0.000003371674040408834,
   "headsetSpacersStack": 0.0000038222858336212084,
   "headsetTopStack": 17,
   "hoodsRestTopX": 1327.7328576282332,
   "hoodsRestTopY": 951.4912534420578,
   "hubY": 340,
   "name": "Montebello Small",
   "offsetX": 0,
   "offsetY": 4,
   "reach": 385,
   "saddleAngle": 0,
   "saddleBackX": 455.6308071583229,
   "saddleFrontToCenter": 150,
   "saddleLength": 240,
   "saddleStack": 40,
   "saddleTopToBottomBracket": 690.3201597878259,
   "saddleTopY": 915.7082415835043,
   "seatTubeAngle": 74.50000041731981,
   "seatTubeCenterToTop": 489.99999685980237,
   "seatTubeTopCenterX": 630.52799,
   "seatTubeTopCenterY": 732.17892,
   "seatTubeTopToTopTubeCenter": 30,
   "seatpostSetback": 20,
   "stack": 572,
   "stemAngle": 6,
   "stemLength": 89.99999999999994,
   "stemStack": 40,
   "stemToHoodsAngle": -24.999996944841595,
   "topTubeCenterToCenter": 527.076260064466,
   "topTubeHorizontal": 543.6296347155861,
   "trail": 61.80838632641098,
   "wheelBase": 1021.7113199999999,
   "wheelRadius": 340
}
