{
   "backHubX": 340,
   "bottomBracketDrop": 80,
   "bottomBracketHeight": 256,
   "bottomBracketToFrontHub": 603.5885311020493,
   "bottomBracketX": 761.4747916542578,
   "bottomBracketY": 260,
   "chainStayLength": 429.00000000000006,
   "crankLength": 170,
   "forkLength": 394.87079091911346,
   "forkRake": 47.99999999999982,
   "frontHubX": 1361.7113196378648,
   "handlebarAndHoodsReach": 116.00000000000156,
   "handlebarBackX": 1206.7011600080634,
   "handlebarDiameter": 31.8,
   "handlebarTopY": 902.4675404970585,
   "headTubeAngle": 71.49999999999996,
   "headTubeBottomCenterX": 1190.8974435509708,
   "headTubeBottomCenterY": 699.2346882711322,
   "headTubeLength": 139.99999999999991,
   "headTubeTopCenterX": 1146.4747916542578,
   "headTubeTopCenterY": 832,
   "headTubeTopToTopTubeCenter": 30,
   "headsetBottomStack": 8.526512829121202e-14,
   "headsetSpacersStack": 0,
   "headsetTopStack": 16.999999999999837,
   "hoodsRestTopX": 1331.6055040192302,
   "hoodsRestTopY": 942.1418771228367,
   "hubY": 340,
   "name": "Montebello Small",
   "offsetX": 0,
   "offsetY": 4,
   "reach": 385,
   "saddleAngle": 0,
   "saddleBackX": 468.56019524364456,
   "saddleFrontToCenter": 150,
   "saddleLength": 240,
   "saddleStack": 40,
   "saddleTopToBottomBracket": 693.5235375050644,
   "saddleTopY": 923.1746102174423,
   "seatTubeAngle": 74.5,
   "seatTubeCenterToTop": 490,
   "seatTubeTopCenterX": 630.527987375912,
   "seatTubeTopCenterY": 732.1789220722252,
   "seatTubeTopToTopTubeCenter": 30,
   "seatpostSetback": 20,
   "stack": 572,
   "stemAngle": 6,
   "stemLength": 90.00000000000001,
   "stemStack": 40,
   "stemToHoodsAngle": -20.000000000000053,
   "topTubeCenterToCenter": 527.0762639181544,
   "topTubeHorizontal": 543.6296392022276,
   "trail": 61.80839656411035,
   "wheelBase": 1021.7113196378648,
   "wheelRadius": 340
}
