{
   "backHubX": 340,
   "bottomBracketDrop": 80,
   "bottomBracketHeight": 256,
   "bottomBracketToFrontHub": 603.5885311020493,
   "bottomBracketX": 761.4747916542578,
   "bottomBracketY": 260,
   "chainStayLength": 429.00000000000006,
   "crankLength": 170,
   "forkLength": 394.87079091911346,
   "forkRake": 47.99999999999982,
   "frontHubX": 1361.7113196378648,
   "handlebarAndHoodsReach": 116.00000000000156,
   "handlebarBackX": 1216.4641200792626,
   "handlebarDiameter": 31.8,
   "handlebarTopY": 904.6319366364395,
   "headTubeAngle": 71.49999999999996,
   "headTubeBottomCenterX": 1190.8974435509708,
   "headTubeBottomCenterY": 699.2346882711322,
   "headTubeLength": 139.99999999999991,
   "headTubeTopCenterX": 1146.4747916542578,
   "headTubeTopCenterY": 832,
   "headTubeTopToTopTubeCenter": 30,
   "headsetBottomStack": 8.526512829121202e-14,
   "headsetSpacersStack": 0,
   "headsetTopStack": 16.999999999999837,
   "hoodsRestTopX": 1341.3684640904294,
   "hoodsRestTopY": 944.3062732622177,
   "hubY": 340,
   "name": "Montebello Small",
   "offsetX": 0,
   "offsetY": 4,
   "reach": 385,
   "saddleAngle": 0,
   "saddleBackX": 434.64881270194354,
   "saddleFrontToCenter": 150,
   "saddleLength": 240,
   "saddleStack": 40,
   "saddleTopToBottomBracket": 690.0539928610858,
   "saddleTopY": 908.1419356566936,
   "seatTubeAngle": 74.49999999999999,
   "seatTubeCenterToTop": 490,
   "seatTubeTopCenterX": 630.5279873759118,
   "seatTubeTopCenterY": 732.1789220722252,
   "seatTubeTopToTopTubeCenter": 30,
   "seatpostSetback": 16,
   "stack": 572,
   "stemAngle": 6,
   "stemLength": 90,
   "stemStack": 40,
   "stemToHoodsAngle": -20.000000000000053,
   "topTubeCenterToCenter": 527.0762639181545,
   "topTubeHorizontal": 543.6296392022277,
   "trail": 61.80839656411035,
   "wheelBase": 1021.7113196378648,
   "wheelRadius": 340
}
