{
   "backHubX": 340,
   "bottomBracketDrop": 80,
   "bottomBracketHeight": 256,
   "bottomBracketToFrontHub": 603.5885311020493,
   "bottomBracketX": 761.4747916542578,
   "bottomBracketY": 260,
   "chainStayLength": 429.00000000000006,
   "crankLength": 170,
   "forkLength": 404.178551648461,
   "forkRake": 47.999999999999694,
   "frontHubX": 1361.7113196378648,
   "handlebarAndHoodsReach": 116.00000000000148,
   "handlebarBackX": 1216.4641200792626,
   "handlebarDiameter": 31.8,
   "handlebarTopY": 904.6319366364397,
   "headTubeAngle": 71.49999999999994,
   "headTubeBottomCenterX": 1187.9440477308444,
   "headTubeBottomCenterY": 708.0614579477717,
   "headTubeLength": 130.69223927065246,
   "headTubeTopCenterX": 1146.4747916542578,
   "headTubeTopCenterY": 832,
   "headTubeTopToTopTubeCenter": 30,
   "headsetBottomStack": 0,
   "headsetSpacersStack": 1.4210854715202004e-14,
   "headsetTopStack": 17,
   "hoodsRestTopX": 1341.3684640904294,
   "hoodsRestTopY": 944.3062732622177,
   "hubY": 340,
   "name": "Montebello Small",
   "offsetX": 0,
   "offsetY": 4,
   "reach": 385,
   "saddleAngle": 0,
   "saddleBackX": 430,
   "saddleFrontToCenter": 150,
   "saddleLength": 240,
   "saddleStack": 40,
   "saddleTopToBottomBracket": 707.3957526990143,
   "saddleTopY": 924.9050127139499,
   "seatTubeAngle": 74.49999999999999,
   "seatTubeCenterToTop": 490,
   "seatTubeTopCenterX": 630.5279873759118,
   "seatTubeTopCenterY": 732.1789220722252,
   "seatTubeTopToTopTubeCenter": 30,
   "seatpostSetback": 16,
   "stack": 572,
   "stemAngle": 6,
   "stemLength": 100.00000000000004,
   "stemStack": 40,
   "stemToHoodsAngle": -19.999999999999947,
   "topTubeCenterToCenter": 527.0762639181545,
   "topTubeHorizontal": 543.6296392022277,
   "trail": 61.80839656411058,
   "wheelBase": 1021.7113196378648,
   "wheelRadius": 340
}
