{
   "backHubX": 347,
   "bottomBracketDrop": 74,
   "bottomBracketHeight": 269,
   "bottomBracketToFrontHub": 594.0858353723851,
   "bottomBracketX": 765.8567774311405,
   "bottomBracketY": 273,
   "chainStayLength": 425.3433906856905,
   "crankLength": 170,
   "forkLength": 395.46653363425094,
   "forkRake": 44.91555766382211,
   "frontHubX": 1361.9668941238606,
   "handlebarAndHoodsReach": 110.00000000000033,
   "handlebarBackX": 1214.289273097474,
   "handlebarDiameter": 31.8,
   "handlebarTopY": 902.2043448487959,
   "headTubeAngle": 71.25000000000001,
   "headTubeBottomCenterX": 1190.2588488834829,
   "headTubeBottomCenterY": 713.1030351080628,
   "headTubeLength": 115,
   "headTubeTopCenterX": 1153.2933103736193,
   "headTubeTopCenterY": 822,
   "headTubeTopToTopTubeCenter": 30,
   "headsetBottomStack": 6.401203059496311,
   "headsetSpacersStack": 15.99999999999995,
   "headsetTopStack": 10,
   "hoodsRestTopX": 1340.0123565570254,
   "hoodsRestTopY": 908.4405567948801,
   "hubY": 347,
   "name": "Crux 52",
   "offsetX": 7,
   "offsetY": 4,
   "reach": 387.43653294247883,
   "saddleAngle": 0,
   "saddleBackX": 485.66685851867635,
   "saddleFrontToCenter": 150,
   "saddleLength": 240,
   "saddleStack": 40,
   "saddleTopToBottomBracket": 690.0005172034847,
   "saddleTopY": 936.2710671250079,
   "seatTubeAngle": 73.99999992759895,
   "seatTubeCenterToTop": 496,
   "seatTubeTopCenterX": 629.1406483434248,
   "seatTubeTopCenterY": 749.7858010126467,
   "seatTubeTopToTopTubeCenter": 30,
   "seatpostSetback": 12,
   "stack": 549,
   "stemAngle": 6,
   "stemLength": 94,
   "stemStack": 40,
   "stemToHoodsAngle": -3.250002772424652,
   "topTubeCenterToCenter": 530.5238080666261,
   "topTubeHorizontal": 544.859750474842,
   "trail": 69,
   "wheelBase": 1014.9668941238606,
   "wheelRadius": 340
}
